15,216
15,367
15,556
15,1047
15,1131
15,1147
15,1189
15,1201
15,1209
15,1254
15,1284
15,1361
15,1479
15,1753
15,1955
15,2020
15,2064
15,2313
15,2528
15,2915
15,2990
15,2993
15,3007
15,3107
15,3168
15,3256
15,3265
15,3275
15,3633
15,3635
15,3638
15,3639
15,3984
15,4005
15,4085
15,4149
15,4247
15,4299
15,4322
15,4351
15,4489
15,4719
15,4974
15,5120
15,5298
15,5339
15,5391
15,5903
15,6934
15,6947
15,6989
15,7003
15,7004
15,7123
15,7484
15,7569
15,7573
15,7698
15,7792
15,8581
15,8641
15,8807
15,8950
15,8972
15,8974
15,27478
15,27821
15,27904
15,31685
15,33154
15,34048
15,34072
15,34319
15,34334
15,34405
15,38886
15,42718
15,44761
15,45186
15,45499
15,45666
15,46530
15,46578
15,46723
15,46972
15,48082
15,48394
15,49278
15,51662
15,52245
15,52328
15,52722
15,52973
15,53894
15,53972
15,54503
15,54881
15,55269
15,55765
15,55820
15,56367
15,57669
15,58025
15,58295
15,59369
15,59615
15,59784
15,59900
15,60072
15,60126
15,61024
15,61394
15,62374
15,63082
15,63131
15,63859
15,65642
15,66934
15,67734
15,67997
15,68157
15,68237
15,68319
15,68791
15,68793
15,68954
15,69122
15,69306
15,69406
15,69481
15,72011
15,72226
15,72378
15,73344
15,74458
15,74795
15,76293
15,77455
15,77561
15,78499
15,79057
15,79132
15,79695
15,79702
15,80463
15,80489
15,81591
15,81845
15,82461
68,8636
68,31658
73,1
73,6
73,25
73,32
73,36
73,63
73,101
73,112
73,216
73,247
73,256
73,267
73,293
73,322
73,364
73,428
73,435
73,442
73,466
73,471
73,553
73,588
73,595
73,628
73,785
73,799
73,919
73,1022
73,1027
73,1200
73,1201
73,1213
73,1214
73,1218
73,1255
73,1257
73,1266
73,1274
73,1285
73,1291
73,1342
73,1374
73,1394
73,1396
73,1485
73,1500
73,1566
73,1573
73,1639
73,1748
73,1784
73,1785
73,1912
73,1916
73,1967
73,1968
73,2005
73,2033
73,2058
73,2060
73,2080
73,2081
73,2115
73,2138
73,2139
73,2143
73,2144
73,2195
73,2231
73,2252
73,2273
73,2378
73,2395
73,2427
73,2459
73,2467
73,2580
73,2606
73,2692
73,2707
73,2724
73,2734
73,2841
73,2860
73,2867
73,2879
73,2916
73,2918
73,2947
73,2948
73,2959
73,2985
73,3006
73,3020
73,3034
73,3036
73,3070
73,3104
73,3174
73,3253
73,3265
73,3300
73,3328
73,3363
73,3481
73,3499
73,3552
73,3717
73,3735
73,3761
73,3948
73,3950
73,3955
73,3986
73,4027
73,4306
73,4369
73,4438
73,4488
73,4519
73,4619
73,4720
73,4855
73,4865
73,4896
73,4915
73,4993
73,5010
73,5014
73,5139
73,5218
73,5329
73,5349
73,5401
73,5464
73,5541
73,5618
73,5673
73,5690
73,5816
73,5902
73,5952
73,5954
73,6156
73,6287
73,6323
73,6379
73,6383
73,6564
73,6664
73,6707
73,6708
73,6755
73,6874
73,6887
73,7001
73,7022
73,7090
73,7099
73,7137
73,7235
73,7373
73,7802
73,8360
73,8368
73,8529
73,8636
73,8641
73,8784
73,8874
73,8914
73,8949
73,26403
73,26547
73,27022
73,27317
73,27773
73,27831
73,30810
73,31878
73,33162
73,33794
73,34150
73,34437
73,37733
73,40278
73,40732
73,40815
73,43921
73,44199
73,44397
73,44665
73,46322
73,46335
73,46970
73,47610
73,48043
73,48516
73,48696
73,48774
73,49272
73,51277
73,52604
73,52722
73,53318
73,53519
73,53550
73,54001
73,55052
73,55094
73,55290
73,58559
73,60756
73,61248
73,64716
73,65514
73,67255
73,68159
73,68952
73,69844
73,71745
73,72226
73,73023
73,74458
73,79057
73,79091
73,79132
73,79695
73,80693
73,81562
78,16
78,34
78,47
78,150
78,193
78,345
78,508
78,540
78,788
78,858
78,1094
78,1206
78,1222
78,1293
78,1320
78,1345
78,1371
78,1374
78,1375
78,1407
78,1552
78,1580
78,1625
78,1644
78,1676
78,1680
78,1690
78,1717
78,1722
78,1732
78,1876
78,1997
78,2011
78,2107
78,2174
78,2231
78,2334
78,2353
78,2393
78,2541
78,2617
78,2700
78,2908
78,2947
78,2987
78,3052
78,3077
78,3082
78,3256
78,3273
78,3386
78,3418
78,3556
78,3617
78,3623
78,3753
78,3755
78,3785
78,3908
78,3949
78,3967
78,3977
78,3979
78,3986
78,3994
78,4007
78,4015
78,4018
78,4022
78,4025
78,4239
78,4270
78,4308
78,4367
78,4369
78,4370
78,4388
78,4641
78,4643
78,4718
78,4744
78,4973
78,4974
78,5010
78,5219
78,5463
78,5502
78,5669
78,5784
78,5872
78,5992
78,6016
78,6058
78,6502
78,6537
78,6552
78,6564
78,6793
78,6888
78,7254
78,7323
78,7458
78,7566
78,8361
78,8464
78,8533
78,8622
78,8644
78,8861
78,8874
78,8947
78,8972
78,26614
78,26712
78,27831
78,33166
78,33794
78,34048
78,36529
78,38499
78,39183
78,43679
78,44555
78,46335
78,46723
78,48774
78,49272
78,50658
78,50740
78,50742
78,51935
78,52767
78,52952
78,54001
78,54272
78,56174
78,65130
78,68358
78,69757
78,79132
132,4312
132,4873
132,4967
132,6003
132,6867
132,79132
150,21
150,44199
150,47610
150,49530
150,54286
150,74458
150,79132
157,32
157,34
157,50
157,208
157,316
157,344
157,367
157,480
157,541
157,1261
157,1291
157,1590
157,1682
157,1732
157,2025
157,2054
157,2167
157,2288
157,2382
157,2383
157,2455
157,2502
157,2628
157,2683
157,2710
157,2810
157,3020
157,3113
157,3977
157,4011
157,4367
157,5146
157,5254
157,5349
157,5378
157,5418
157,5618
157,5679
157,6016
157,6218
157,6333
157,6365
157,6539
157,6874
157,6934
157,7022
157,7360
157,7454
157,8157
157,8361
157,8370
157,8644
157,8665
157,8874
157,8984
157,8985
157,27317
157,27801
157,31878
157,33493
157,33794
157,34150
157,45722
157,46723
157,48516
157,52328
157,52952
157,53464
157,53519
157,53996
157,54286
157,54503
157,55721
157,55765
157,56174
157,57669
157,58295
157,59369
157,60069
157,62394
157,66097
157,66130
157,67255
157,69481
157,72171
157,74458
157,80463
157,80489
199,44
199,319
199,778
199,1265
199,1625
199,1682
199,1704
199,2028
199,2231
199,2542
199,3147
199,3499
199,3948
199,4963
199,4993
199,4995
199,6188
199,7001
199,7153
199,7387
199,8641
199,8665
199,8950
199,26614
199,34162
199,40732
199,52606
199,53129
199,55118
199,56788
199,60756
199,61132
199,62849
199,65133
199,66509
199,68159
199,68194
199,73211
199,76210
199,78209
199,79132
199,79134
199,80489
199,81562
199,81845
199,82459
199,82461
380,3494
380,6548
380,6879
380,27904
380,34319
380,46322
380,46335
380,49278
380,52245
380,52287
380,54281
380,54331
380,54736
380,55276
380,57640
380,58156
380,61024
380,62155
380,62434
380,63113
380,64839
380,65230
380,67267
380,67408
380,67734
380,68073
380,69278
380,69526
380,69606
380,69951
380,70565
380,71254
380,71264
380,71466
380,71520
380,71530
380,72378
380,72641
380,73023
380,74275
380,74458
380,74795
380,76093
380,76251
380,76293
380,78499
380,79091
380,79702
380,80219
380,80363
380,80463
380,80489
380,80693
380,81591
380,82202
380,82459
426,1
426,2
426,32
426,47
426,150
426,173
426,318
426,356
426,377
426,527
426,589
426,593
426,733
426,780
426,858
426,1090
426,1213
426,1221
426,1240
426,1246
426,1262
426,1266
426,1466
426,1573
426,1704
426,1721
426,1876
426,1917
426,1961
426,1997
426,2012
426,2028
426,2324
426,2329
426,2459
426,2571
426,2706
426,2762
426,2959
426,3114
426,3157
426,3198
426,3751
426,3948
426,4011
426,4022
426,4306
426,4896
426,4995
426,5010
426,5218
426,5266
426,5418
426,5459
426,5679
426,5816
426,5956
426,5995
426,6365
426,6537
426,6539
426,6880
426,6934
426,7143
426,7318
426,7373
426,8132
426,8360
426,8368
426,8636
426,8644
426,8972
426,30707
426,30894
426,31696
426,32587
426,33587
426,34048
426,38038
426,40815
426,41566
426,41569
426,44191
426,45447
426,45722
426,46335
426,46530
426,46578
426,47610
426,48385
426,48394
426,48516
426,48518
426,48696
426,48774
426,49272
426,49649
426,49822
426,50872
426,51255
426,52281
426,53125
426,53956
426,53972
426,53996
426,54001
426,54259
426,54286
426,54503
426,55110
426,55118
426,55272
426,55290
426,55872
426,55995
426,56174
426,56757
426,57368
426,57640
426,58306
426,58559
426,59306
426,59315
426,59594
426,59615
426,60040
426,60069
426,60072
426,60074
426,60126
426,63082
426,64614
426,65261
426,65514
426,66335
426,67197
426,67255
426,68157
426,68358
426,68791
426,68848
426,69644
426,69951
426,70286
426,70293
426,71135
426,71205
426,71211
426,71248
426,71252
426,71254
426,72011
426,72395
426,72405
426,72489
426,72641
426,73015
426,73017
426,73106
426,73321
426,73929
426,74452
426,74532
426,74545
426,74944
426,76293
426,78499
426,79132
426,79134
426,81845
480,150
480,158
480,180
480,223
480,344
480,356
480,455
480,474
480,485
480,500
480,595
480,750
480,778
480,858
480,1027
480,1028
480,1059
480,1060
480,1080
480,1097
480,1206
480,1207
480,1240
480,1408
480,1499
480,1608
480,1639
480,1644
480,1680
480,1717
480,1729
480,1732
480,1784
480,1954
480,2001
480,2011
480,2058
480,2081
480,2082
480,2118
480,2161
480,2232
480,2294
480,2420
480,2529
480,2671
480,2706
480,2797
480,2968
480,2985
480,3168
480,3253
480,3256
480,3438
480,3698
480,3717
480,3751
480,3755
480,3967
480,4246
480,4270
480,4621
480,4638
480,4878
480,4901
480,4963
480,5010
480,5481
480,5903
480,5989
480,6365
480,6373
480,7004
480,7143
480,7162
480,7362
480,7438
480,7445
480,7458
480,8360
480,8361
480,8369
480,8528
480,8783
480,8949
480,27611
480,31685
480,33166
480,33679
480,37731
480,41566
480,45722
480,46970
480,46972
480,47610
480,52952
480,53972
480,55247
480,56251
480,56782
480,59315
480,63072
480,63113
480,63131
480,64969
480,67255
480,67997
480,68954
480,69306
480,70286
480,71264
480,73017
480,74458
480,78349
480,79132
480,79702
480,80463
480,81562
480,81845
501,367
501,596
501,1136
501,1203
501,1221
501,1265
501,1704
501,1732
501,1791
501,2571
501,2701
501,2761
501,2997
501,4306
501,4878
501,4963
501,5319
501,5459
501,5630
501,5816
501,7254
501,7361
501,8644
501,8961
501,27706
501,31685
501,31952
501,32031
501,33679
501,34319
501,39446
501,41285
501,42197
501,47099
501,48877
501,51662
501,53123
501,55577
501,55721
501,55820
501,56174
501,56367
501,56587
501,58559
501,60074
501,62644
501,63062
501,63436
501,64716
501,68205
501,69844
501,71899
501,72129
501,72226
501,72395
501,72407
501,72998
501,74545
501,80549
501,81535
501,81562
501,81591
501,81845
529,17
529,25
529,28
529,36
529,162
529,232
529,300
529,306
529,307
529,363
529,475
529,508
529,588
529,838
529,910
529,968
529,1041
529,1066
529,1148
529,1150
529,1189
529,1212
529,1238
529,1243
529,1256
529,1273
529,1280
529,1361
529,1393
529,1449
529,1625
529,1635
529,1936
529,1955
529,1964
529,2176
529,2208
529,2580
529,2640
529,2973
529,3089
529,3317
529,3543
529,3730
529,3911
529,3967
529,3983
529,4034
529,4194
529,4211
529,4298
529,4903
529,5339
529,5341
529,5385
529,6031
529,6247
529,6269
529,6296
529,6377
529,6385
529,6724
529,6942
529,6953
529,6985
529,6993
529,7064
529,7078
529,7135
529,7147
529,7158
529,7698
529,7840
529,7941
529,7979
529,8016
529,8638
529,8645
529,8970
529,25825
529,33166
529,40583
529,40819
529,44195
529,46976
529,53123
529,55814
529,56367
529,59018
529,60382
529,63876
529,66371
529,78499
529,81845
547,125
547,380
547,1088
547,1172
547,1332
547,1340
547,1693
547,1734
547,2125
547,2863
547,3310
547,3405
547,3869
547,4515
547,5729
547,6378
547,6596
547,7069
547,7154
547,7396
547,8137
547,26313
547,39183
547,49772
547,52973
547,54372
547,55118
547,55247
547,55269
547,56286
547,57368
547,58998
547,59018
547,59369
547,60069
547,60382
547,60756
547,60766
547,60943
547,61729
547,67734
547,69481
547,69757
547,72641
547,72720
547,74458
547,74795
547,78499
547,79702
547,80489
547,80862
547,81562
547,81591
547,81845
547,82459
624,383
624,1228
624,2759
624,3552
624,3949
624,4262
624,6016
624,6936
624,7373
624,8949
624,36401
624,37727
624,50872
624,57640
624,61352
624,67255
624,67734
624,68554
624,68954
624,69481
624,69757
624,69951
624,71033
624,71248
624,71464
624,71466
624,71518
624,71530
624,71732
624,72011
624,72224
624,72998
624,73015
624,73017
624,73266
624,73321
624,74458
624,74532
624,74795
624,74916
624,75805
624,76077
624,76175
624,76251
624,77421
624,77561
624,77866
624,78034
624,78116
624,79132
624,79134
624,79702
624,80219
624,80463
624,80489
624,80549
624,80693
624,81591
624,81845
624,82202
624,82459
624,82461
637,32
637,50
637,318
637,750
637,858
637,1203
637,1221
637,3421
648,1394
648,3267
648,6440
648,6711
648,63808
648,71156
648,71429
648,74740
648,77800